1015932
1030250
1037516
1037611
1075592
1098100
1101091
1102942
1123022
1130478
1138418
1156336
1231764
12427815
1243198
1243904
1255571
1371452
13749566
13758658
13758892
13758900
13758934
13758938
13915003
1432746
14485626
14950804
1539772
1540767
15598019
1574642
15872394
1680667
17201072
17672077
18107458
18340189
18679068
19659432
1967019
1967021
1992590
2001138
2010774476
2012051058
2012961883
206158
2062362
2062372
2069756
2069818
2072966
2080946
2085479
2085700
209704
209713
2099087
215585
2158779
223021
223404
230774
232995
233822
234240
236780
23828278
239331
241645
242636
246197
246711
246881
250409
250887
258892
260933
264374
265898
266506
266711
267242
269760
274109
276544
276890
280777
281165
284905
287008
287557
294598
296678
299782
299800
306387
306637
308496
309677
311783
312366
318075
334180
350829
352565
414915
421451
467875
53553955
53554081
545278
559510
5835871
5837021
593618
594318
595538
5957079
5962583
5966719
599725
600058
608868
623090
623313
626200
626509
631936
64417153
661724
699883
702652
70386347
703947
704012
704086
704195
71588422
72689308
7272187
7281258
7290528
7299843
7301541
7313936
7316755
7330539
7337428
7344840
7348783
7354665
73976204
751153
789590
790142
790532
792025
805405
821869
825912
906668
906947
929477
931434
931772
931794
932707
952125
964932
976215
978262
982541
991730
992349
998561
